size:(128,128), bimber time:56.1289324760437, compennet time:1.800187110900879, tps time: 2.764589309692383, ours time: 0.3999319076538086
size:(256,256), bimber time:52.52257537841797, compennet time:0.373002290725708, tps time: 1.3294692039489746, ours time: 0.3350794315338135